"y" "n" "arrond" "wf" "wn"
1 18 11 1467.299 0.703
3 17 11 1467.299 0.703
3 21 11 1642.597 0.787
4 14 11 1642.597 0.787
2 19 11 1743.63 0.835
7 21 11 1743.63 0.835
10 23 11 1504.39 0.721
7 15 11 1751.277 0.839
5 14 11 1993.561 0.955
15 23 11 1993.561 0.955
3 10 11 3033.947 1.454
1 10 11 3033.947 1.454
3 11 11 2943.801 1.41
2 4 11 3823.52 1.832
5 9 11 3497.566 1.676
2 3 11 3497.566 1.676
4 7 11 4035.386 1.933
1 1 11 4035.386 1.933
2 15 11 1559.968 0.747
2 17 11 1559.968 0.747
1 10 11 1432.669 0.686
2 14 11 1432.669 0.686
5 17 11 1574.721 0.754
4 21 11 1574.721 0.754
4 20 11 1453.809 0.697
10 23 11 1683.649 0.807
3 15 11 1907.166 0.914
11 23 11 1907.166 0.914
3 8 11 2968.069 1.422
2 8 11 2968.069 1.422
2 6 11 3407.774 1.633
0 1 11 6140.925 2.942
5 6 11 5771.762 2.765
3 3 11 5771.762 2.765
4 5 11 5424.23 2.599
2 3 11 5424.23 2.599
0 2 12 1426.516 0.673
0 8 12 1426.516 0.673
1 6 12 1596.941 0.754
1 6 12 1596.941 0.754
0 7 12 1704.718 0.804
1 5 12 1704.718 0.804
2 6 12 1470.818 0.694
1 8 12 1782.231 0.841
2 6 12 2028.798 0.957
3 5 12 2028.798 0.957
1 5 12 3009.381 1.42
0 4 12 3009.381 1.42
2 3 12 2919.966 1.378
1 1 12 3778.934 1.783
1 3 12 3456.781 1.631
2 2 12 3456.781 1.631
1 5 12 1493.988 0.705
0 7 12 1493.988 0.705
1 6 12 1372.074 0.647
1 7 12 1372.074 0.647
0 7 12 1563.601 0.738
2 7 12 1563.601 0.738
0 3 12 1443.542 0.681
2 6 12 1708.938 0.806
0 4 12 1935.813 0.913
2 6 12 1935.813 0.913
0 4 12 2878.002 1.358
0 1 12 2878.002 1.358
1 3 12 3304.364 1.559
0 2 12 5909.815 2.789
1 3 12 5554.545 2.621
0 2 12 5554.545 2.621
1 2 12 5220.092 2.463
1 7 13 1434.591 0.748
2 8 13 1434.591 0.748
2 8 13 1605.981 0.837
4 10 13 1605.981 0.837
3 7 13 1818.186 0.948
4 10 13 1818.186 0.948
5 11 13 1568.717 0.818
5 12 13 1879.963 0.98
6 11 13 2140.05 1.115
4 7 13 2140.05 1.115
3 5 13 3056.153 1.593
3 4 13 3056.153 1.593
1 2 13 2965.347 1.545
4 4 13 3214.314 1.675
1 2 13 2940.295 1.532
1 1 13 3392.423 1.768
0 1 13 3392.423 1.768
1 8 13 1536.301 0.801
5 7 13 1536.301 0.801
1 8 13 1410.934 0.735
2 6 13 1410.934 0.735
3 7 13 1594.194 0.831
6 9 13 1594.194 0.831
1 11 13 1471.786 0.767
6 10 13 1753.178 0.914
3 7 13 1985.926 1.035
7 10 13 1985.926 1.035
2 3 13 2793 1.456
2 2 13 2793 1.456
4 5 13 3206.769 1.671
1 1 13 4611.571 2.403
1 1 13 4334.345 2.259
3 18 21 1112.445 0.568
5 22 21 1112.445 0.568
1 14 21 1245.349 0.636
3 9 21 1245.349 0.636
3 8 21 1751.412 0.895
3 9 21 1751.412 0.895
8 28 21 1511.104 0.772
10 27 21 1668.593 0.853
3 16 21 1899.438 0.971
5 11 21 1899.438 0.971
1 7 21 2719.075 1.389
5 14 21 2719.075 1.389
1 4 21 2638.285 1.348
3 4 21 5144.607 2.629
2 5 21 4706.032 2.405
4 8 21 4706.032 2.405
0 2 21 5429.677 2.775
0 1 21 5429.677 2.775
3 22 21 1231.26 0.629
2 17 21 1231.26 0.629
2 14 21 1130.786 0.578
4 16 21 1130.786 0.578
2 10 21 1615.542 0.826
6 22 21 1615.542 0.826
5 16 21 1491.496 0.762
4 25 21 1646.941 0.842
2 15 21 1865.585 0.953
4 14 21 1865.585 0.953
5 9 21 2628.57 1.343
3 9 21 2628.57 1.343
1 6 21 3017.98 1.542
4 6 21 5885.006 3.007
2 5 21 5531.228 2.826
1 1 21 5531.228 2.826
2 2 21 5198.178 2.656
2 3 21 5198.178 2.656
3 14 23 1486.825 0.741
1 13 23 1486.825 0.741
0 9 23 1664.455 0.83
0 10 23 1664.455 0.83
2 12 23 1628.809 0.812
1 9 23 1628.809 0.812
5 13 23 1405.324 0.7
5 17 23 1791.561 0.893
5 14 23 2039.419 1.017
0 4 23 2039.419 1.017
2 6 23 3013.092 1.502
1 3 23 3013.092 1.502
4 6 23 2923.566 1.457
0 2 23 3637.492 1.813
2 2 23 3327.397 1.659
1 1 23 3327.397 1.659
3 3 23 3839.05 1.914
0 1 23 3839.05 1.914
1 9 23 1581.825 0.788
2 9 23 1581.825 0.788
2 13 23 1452.743 0.724
1 12 23 1452.743 0.724
2 5 23 1504.03 0.75
5 18 23 1504.03 0.75
2 9 23 1388.546 0.692
5 12 23 1806.366 0.9
4 13 23 2046.175 1.02
4 9 23 2046.175 1.02
2 9 23 3019.42 1.505
1 5 23 3019.42 1.505
2 5 23 3466.733 1.728
0 3 23 5606.468 2.795
0 1 23 5269.434 2.627
0 2 23 4952.148 2.468
2 3 23 4952.148 2.468
1 9 24 1447.051 0.699
2 15 24 1447.051 0.699
0 5 24 1619.93 0.783
1 7 24 1619.93 0.783
3 7 24 1915.966 0.926
3 8 24 1915.966 0.926
4 10 24 1653.081 0.799
0 4 24 1923.863 0.93
5 10 24 2190.024 1.059
8 11 24 2190.024 1.059
5 6 24 3142.092 1.519
1 3 24 3142.092 1.519
2 3 24 3048.733 1.474
1 1 24 3823.538 1.848
1 3 24 3497.583 1.691
2 4 24 3497.583 1.691
0 1 24 4035.406 1.951
1 1 24 4035.406 1.951
1 7 24 1529.896 0.739
2 13 24 1529.896 0.739
1 9 24 1405.052 0.679
1 9 24 1405.052 0.679
1 6 24 1712.31 0.828
3 9 24 1712.31 0.828
5 13 24 1580.834 0.764
3 8 24 1839.889 0.889
2 9 24 2084.148 1.007
2 9 24 2084.148 1.007
2 4 24 3014.93 1.457
1 3 24 3014.93 1.457
1 3 24 3461.577 1.673
1 2 24 5920.849 2.862
1 2 24 5564.915 2.69
2 2 24 5564.915 2.69
0 5 25 1733.901 0.83
0 4 25 1733.901 0.83
0 3 25 1941.05 0.929
4 9 25 1941.05 0.929
0 6 25 1744.402 0.835
2 9 25 1744.402 0.835
2 6 25 1505.056 0.72
2 13 25 1835.826 0.879
1 3 25 2089.808 1
1 9 25 2089.808 1
0 2 25 3110.156 1.489
3 4 25 3110.156 1.489
0 2 25 3017.746 1.444
0 1 25 3257.192 1.559
0 1 25 2979.518 1.426
0 3 25 2979.518 1.426
1 1 25 3437.678 1.645
0 6 25 1821.577 0.872
0 5 25 1821.577 0.872
1 4 25 1672.931 0.801
0 7 25 1672.931 0.801
1 7 25 1599.094 0.765
3 6 25 1599.094 0.765
0 10 25 1476.311 0.707
2 8 25 1873.622 0.897
6 11 25 2122.36 1.016
2 5 25 2122.36 1.016
1 4 25 3149.592 1.508
2 4 25 3149.592 1.508
0 3 25 3616.188 1.731
1 2 25 4995.68 2.391
2 2 25 4694.877 2.247
0 6 31 1335.623 0.699
0 7 31 1335.623 0.699
1 5 31 1495.189 0.782
0 6 31 1495.189 0.782
1 4 31 1656.604 0.866
4 7 31 1656.604 0.866
3 6 31 1429.305 0.748
3 5 31 1660.098 0.868
0 5 31 1889.768 0.988
2 4 31 1889.768 0.988
1 2 31 3064.557 1.603
0 1 31 2973.502 1.555
1 3 31 3741.402 1.957
2 3 31 3422.449 1.79
0 2 31 1412.407 0.739
1 7 31 1412.407 0.739
1 5 31 1297.15 0.678
2 7 31 1297.15 0.678
1 3 31 1472.793 0.77
3 9 31 1472.793 0.77
1 10 31 1359.708 0.711
1 9 31 1607.561 0.841
2 5 31 1820.977 0.952
1 2 31 1820.977 0.952
1 4 31 3018.642 1.579
2 3 31 3018.642 1.579
3 4 31 3465.839 1.813
1 1 31 5916.041 3.094
0 1 31 5560.396 2.908
0 1 31 5560.396 2.908
1 1 31 5225.591 2.733
1 1 31 5225.591 2.733
0 1 32 2626.446 0.808
0 1 32 2626.446 0.808
0 3 32 2940.227 0.905
0 4 32 2987.177 0.919
0 2 32 2987.177 0.919
0 1 32 2577.313 0.793
1 1 32 2943.261 0.906
0 1 32 6841.045 2.105
1 2 32 6257.849 1.925
1 1 32 2749.413 0.846
0 4 32 2525.052 0.777
1 1 32 2371.539 0.73
0 1 32 2664.447 0.82
1 4 33 1216.925 0.747
0 4 33 1216.925 0.747
1 4 33 1362.311 0.836
0 5 33 1362.311 0.836
1 2 33 1378.032 0.846
0 1 33 1378.032 0.846
0 1 33 1188.955 0.73
1 3 33 1311.386 0.805
0 1 33 1492.813 0.917
2 4 33 1492.813 0.917
3 3 33 2281.894 1.401
1 1 33 2281.894 1.401
1 2 33 2214.093 1.359
1 1 33 3007.454 1.846
0 1 33 2751.069 1.689
2 2 33 2751.069 1.689
0 3 33 1279.585 0.786
0 4 33 1175.167 0.721
0 1 33 1196.385 0.735
1 1 33 1196.385 0.735
2 6 33 1104.522 0.678
0 3 33 1204.584 0.74
2 2 33 1364.502 0.838
1 3 33 2162.46 1.328
1 2 33 2162.46 1.328
0 1 33 4769.556 2.928
0 1 33 4482.833 2.752
0 2 34 1787.72 0.754
1 7 34 1787.72 0.754
0 1 34 2001.299 0.845
1 4 34 2001.299 0.845
1 2 34 2152.492 0.908
3 7 34 2152.492 0.908
1 4 34 1857.153 0.784
1 4 34 2102.256 0.887
2 6 34 2393.098 1.01
3 7 34 2393.098 1.01
0 2 34 3611.83 1.524
1 2 34 3611.83 1.524
1 4 34 3504.514 1.479
1 1 34 3992.231 1.685
0 1 34 3992.231 1.685
1 1 34 4606.116 1.944
1 2 34 1889.403 0.797
1 6 34 1889.403 0.797
1 7 34 1735.221 0.732
1 6 34 1735.221 0.732
1 6 34 1892.093 0.798
3 4 34 1892.093 0.798
2 6 34 1746.812 0.737
3 4 34 1963.954 0.829
2 4 34 2224.684 0.939
3 5 34 2224.684 0.939
1 2 34 3508.489 1.481
2 3 34 3508.489 1.481
1 1 34 4028.254 1.7
0 1 34 6997.654 2.953
1 1 34 6576.989 2.775
1 1 34 6576.989 2.775
1 3 35 1198.169 0.76
1 3 35 1198.169 0.76
0 3 35 1341.314 0.851
1 5 35 1341.314 0.851
1 5 35 1437.138 0.912
1 3 35 1437.138 0.912
1 3 35 1239.952 0.786
1 2 35 1539.314 0.976
1 2 35 1752.274 1.111
5 6 35 1752.274 1.111
1 2 35 2969.176 1.883
2 2 35 2880.955 1.827
1 1 35 3886.951 2.465
0 2 35 1256.284 0.797
1 2 35 1256.284 0.797
0 2 35 1153.767 0.732
3 7 35 1153.767 0.732
1 3 35 1269.34 0.805
1 4 35 1269.34 0.805
1 2 35 1171.876 0.743
5 9 35 1451.777 0.921
3 3 35 1644.512 1.043
2 2 35 2914.156 1.848
1 2 35 3345.873 2.122
0 2 36 1328.527 0.685
0 4 36 1328.527 0.685
0 1 36 1487.246 0.767
0 1 36 1487.246 0.767
1 2 36 1655.07 0.854
0 3 36 1655.07 0.854
1 1 36 1427.982 0.737
0 5 36 1531.255 0.79
1 6 36 1743.1 0.899
1 1 36 1743.1 0.899
3 3 36 2764.836 1.426
2 3 36 2764.836 1.426
2 2 36 2682.686 1.384
0 1 36 3072.479 1.585
3 3 36 3072.479 1.585
1 1 36 3544.934 1.828
0 2 36 1408.689 0.727
1 1 36 1408.689 0.727
0 3 36 1293.735 0.667
0 2 36 1293.735 0.667
0 3 36 1451.494 0.749
2 8 36 1451.494 0.749
0 3 36 1340.044 0.691
2 3 36 1418.261 0.732
2 3 36 1606.546 0.829
1 2 36 1606.546 0.829
0 2 36 2640.709 1.362
2 3 36 2640.709 1.362
0 2 36 4938.422 2.547
0 1 36 4938.422 2.547
0 2 37 1475.197 0.716
0 3 37 1475.197 0.716
0 2 37 1651.439 0.801
1 2 37 1651.439 0.801
1 2 37 1770.395 0.859
2 4 37 1770.395 0.859
0 3 37 1675.834 0.813
1 1 37 1907.681 0.925
2 3 37 1907.681 0.925
1 1 37 2846.496 1.381
0 1 37 1522.775 0.739
0 2 37 1398.512 0.678
1 1 37 1542.985 0.749
1 2 37 1424.51 0.691
2 6 37 1538.14 0.746
3 3 37 2652.591 1.287
2 3 37 2652.591 1.287
0 1 37 3045.56 1.477
0 1 37 5579.646 2.707
1 1 37 5244.225 2.544
1 1 37 4928.456 2.391
0 3 41 1386.056 0.628
0 3 41 1386.056 0.628
0 7 41 1551.648 0.703
0 2 41 1551.648 0.703
1 2 41 1890.317 0.856
2 7 41 1890.317 0.856
0 5 41 1630.951 0.738
2 7 41 1937.348 0.877
0 3 41 2205.375 0.999
3 5 41 2205.375 0.999
1 2 41 3153.114 1.428
1 2 41 3153.114 1.428
0 1 41 3059.427 1.385
3 4 41 3876.582 1.755
3 4 41 3546.105 1.606
4 4 41 3546.105 1.606
0 4 41 1464.016 0.663
3 5 41 1464.016 0.663
1 5 41 1344.547 0.609
1 7 41 1344.547 0.609
0 3 41 1694.188 0.767
0 1 41 1694.188 0.767
5 14 41 1564.103 0.708
2 3 41 1800.04 0.815
2 5 41 2039.01 0.923
3 3 41 2039.01 0.923
1 1 41 3074.917 1.392
2 4 41 3074.917 1.392
3 3 41 3530.451 1.598
0 1 41 6381.721 2.889
0 1 41 5998.082 2.716
2 2 41 5998.082 2.716
0 1 41 5636.922 2.552
0 4 42 1483.214 0.67
1 2 42 1483.214 0.67
1 3 42 1660.413 0.75
0 1 42 1660.413 0.75
0 4 42 1902.038 0.859
1 5 42 1902.038 0.859
0 1 42 1641.063 0.741
1 1 42 1889.158 0.853
0 1 42 2150.518 0.971
1 3 42 3245.011 1.466
0 2 42 3245.011 1.466
1 1 42 3148.594 1.422
1 2 42 3644.191 1.646
1 1 42 3333.526 1.506
0 1 42 3333.526 1.506
0 1 42 3846.121 1.737
0 4 42 1574.417 0.711
0 3 42 1574.417 0.711
0 4 42 1445.94 0.653
0 6 42 1445.94 0.653
1 6 42 1693.013 0.765
0 2 42 1693.013 0.765
2 5 42 1563.018 0.706
2 5 42 1798.661 0.812
2 6 42 2037.447 0.92
0 3 42 2037.447 0.92
1 2 42 3082.147 1.392
3 5 42 3538.752 1.598
1 1 42 5485.46 2.478
0 1 42 5485.46 2.478
1 1 42 5155.166 2.329
1 1 42 5155.166 2.329
0 2 43 1585.549 0.705
0 1 43 1774.975 0.789
0 4 43 1774.975 0.789
0 2 43 2075.438 0.923
1 1 43 2075.438 0.923
0 1 43 1790.671 0.796
1 1 43 1998.124 0.889
0 1 43 2274.559 1.012
0 1 43 3667.495 1.631
0 1 43 3558.525 1.583
1 2 43 4267.949 1.898
0 3 43 1634.155 0.727
0 2 43 1500.803 0.667
0 1 43 1832.031 0.815
0 4 43 1691.362 0.752
0 4 43 2109.357 0.938
1 1 43 3462.482 1.54
0 2 43 3975.432 1.768
1 13 44 1598.288 0.701
1 11 44 1598.288 0.701
1 4 44 1789.236 0.785
4 12 44 1789.236 0.785
3 7 44 2138.554 0.938
1 7 44 2138.554 0.938
4 11 44 1845.128 0.809
2 5 44 1974.523 0.866
3 11 44 2247.693 0.986
2 4 44 2247.693 0.986
1 3 44 3354.595 1.472
0 2 44 3354.595 1.472
7 8 44 3254.922 1.428
3 5 44 4080.676 1.79
1 1 44 3732.8 1.637
1 1 44 4306.792 1.889
5 13 44 1694.942 0.744
0 7 44 1694.942 0.744
2 11 44 1556.63 0.683
2 3 44 1556.63 0.683
1 4 44 1922.863 0.844
2 10 44 1922.863 0.844
1 12 44 1775.22 0.779
5 16 44 1880.781 0.825
2 5 44 2130.47 0.935
2 10 44 2130.47 0.935
2 4 44 3290.78 1.444
1 3 44 3290.78 1.444
2 4 44 3778.293 1.657
1 1 44 6642.587 2.914
1 2 44 6243.267 2.739
4 5 44 6243.267 2.739
0 1 44 5867.343 2.574
1 2 45 2112.111 0.834
0 1 45 2112.111 0.834
0 2 45 2326.61 0.919
1 2 45 2326.61 0.919
2 3 45 2007.381 0.793
0 1 45 2309.278 0.912
1 2 45 3820.483 1.508
0 2 45 2011.277 0.794
1 3 45 2011.277 0.794
1 5 45 1847.15 0.729
0 1 45 1847.15 0.729
1 2 45 2047.919 0.809
0 2 45 2047.919 0.809
1 3 45 1890.673 0.746
0 1 45 2133.703 0.842
1 4 45 2416.969 0.954
1 3 45 3679.43 1.453
0 2 45 3679.43 1.453
0 1 45 4224.52 1.668
0 1 45 7874.101 3.109
1 6 46 1479.909 0.692
0 6 46 1479.909 0.692
1 5 46 1656.713 0.775
3 6 46 1656.713 0.775
0 1 46 1817.029 0.85
0 3 46 1817.029 0.85
0 3 46 1567.718 0.733
0 8 46 1720.32 0.804
1 5 46 1958.321 0.916
2 3 46 1958.321 0.916
0 2 46 3124.493 1.461
1 2 46 3124.493 1.461
0 2 46 3031.657 1.417
0 2 46 3448.862 1.613
1 1 46 3639.969 1.702
0 2 46 1564.734 0.732
0 3 46 1564.734 0.732
0 4 46 1437.047 0.672
0 5 46 1437.047 0.672
1 3 46 1657.74 0.775
0 5 46 1657.74 0.775
1 8 46 1530.453 0.716
0 4 46 1647.498 0.77
0 2 46 1866.217 0.873
0 3 46 1866.217 0.873
2 3 46 2980.892 1.394
0 2 46 2980.892 1.394
1 4 46 3422.497 1.6
3 3 46 5292.028 2.474
1 3 46 4973.896 2.326
1 2 46 4674.405 2.186
0 2 51 1781.483 0.673
0 3 51 1994.317 0.753
0 3 51 1994.317 0.753
0 1 51 2097.218 0.792
1 1 51 2090.254 0.789
0 1 51 2379.435 0.898
1 1 51 3336.656 1.26
1 2 51 3237.516 1.222
1 1 51 4204.684 1.587
0 1 51 1855.746 0.701
1 1 51 1704.311 0.643
0 1 51 1704.311 0.643
0 1 51 1879.963 0.71
0 1 51 1984.3 0.749
2 3 51 2247.732 0.849
0 2 51 2247.732 0.849
2 3 51 3345.229 1.263
2 2 51 3345.229 1.263
2 2 51 3840.808 1.45
0 1 51 6520.281 2.462
0 8 52 1500.77 0.733
0 3 52 1500.77 0.733
0 5 52 1680.066 0.82
0 6 52 1680.066 0.82
0 4 52 1751.8 0.855
3 14 52 1751.8 0.855
0 15 52 1511.439 0.738
1 14 52 1660.507 0.811
0 9 52 1890.234 0.923
0 9 52 1890.234 0.923
0 5 52 2770.902 1.353
0 4 52 2770.902 1.353
1 5 52 2688.572 1.313
1 6 52 3237.602 1.581
1 4 52 2961.597 1.446
1 2 52 2961.597 1.446
1 2 52 3417.002 1.668
0 5 52 1594.757 0.779
0 4 52 1594.757 0.779
0 10 52 1464.62 0.715
0 10 52 1464.62 0.715
0 6 52 1590.225 0.776
1 7 52 1590.225 0.776
1 12 52 1468.122 0.717
0 7 52 1658.142 0.81
0 7 52 1878.273 0.917
1 7 52 1878.273 0.917
2 7 52 2795.417 1.365
1 4 52 2795.417 1.365
0 2 52 3209.544 1.567
0 4 52 6006.183 2.933
1 1 52 5645.12 2.756
0 2 52 5645.12 2.756
0 1 52 5305.213 2.59
1 5 53 1721.582 0.801
0 2 53 1721.582 0.801
0 7 53 1927.26 0.897
1 4 53 2036.988 0.948
2 7 53 2036.988 0.948
2 5 53 1757.497 0.818
1 6 53 1874.931 0.873
2 7 53 2134.323 0.993
1 1 53 2134.323 0.993
1 5 53 3087.055 1.437
0 2 53 3087.055 1.437
0 1 53 3665.882 1.706
0 1 53 3353.367 1.561
0 5 53 1813.779 0.844
0 6 53 1813.779 0.844
0 2 53 1665.769 0.775
1 7 53 1665.769 0.775
0 2 53 1853.039 0.862
2 3 53 1853.039 0.862
1 9 53 1710.757 0.796
1 5 53 1952.836 0.909
1 3 53 2212.09 1.029
3 7 53 2212.09 1.029
2 4 53 3189.292 1.484
1 1 53 3189.292 1.484
0 1 53 6956.175 3.237
1 1 53 6144.333 2.859
0 4 54 1195.9 0.634
0 1 54 1338.774 0.71
1 3 54 1338.774 0.71
0 1 54 1208.435 0.641
0 1 54 1254.197 0.665
0 3 54 1427.712 0.757
1 2 54 1427.712 0.757
0 2 54 2285.234 1.211
0 2 54 2217.334 1.175
0 1 54 1285.92 0.682
0 1 54 1285.92 0.682
0 1 54 1180.985 0.626
2 4 54 1180.985 0.626
1 4 54 1256.173 0.666
1 1 54 1256.173 0.666
0 1 54 1222.08 0.648
0 1 54 1384.32 0.734
2 5 54 1384.32 0.734
2 3 54 2286.809 1.212
0 1 54 2286.809 1.212
1 2 54 2625.589 1.392
0 1 54 4864.681 2.579
0 2 54 4572.24 2.424
0 1 54 4296.933 2.278
2 2 54 4296.933 2.278
0 1 55 1440.598 0.789
0 3 55 1440.598 0.789
0 3 55 1612.706 0.884
0 3 55 1612.706 0.884
0 5 55 1609.852 0.882
2 5 55 1609.852 0.882
0 7 55 1388.968 0.761
0 2 55 1590.106 0.871
0 3 55 1810.093 0.992
0 2 55 1810.093 0.992
0 2 55 2607.438 1.429
1 3 55 2529.965 1.386
1 1 55 3063.724 1.679
1 6 55 1526.87 0.837
2 7 55 1526.87 0.837
0 2 55 1402.273 0.768
0 2 55 1402.273 0.768
1 3 55 1480.537 0.811
2 7 55 1480.537 0.811
1 4 55 1366.857 0.749
2 7 55 1591.914 0.872
0 1 55 1803.253 0.988
0 3 55 1803.253 0.988
1 5 55 2598.238 1.424
1 2 55 2598.238 1.424
0 1 55 2983.154 1.634
0 1 55 5356.652 2.935
1 1 55 5034.636 2.758
0 1 55 4731.487 2.592
1 2 56 1486.856 0.764
0 4 56 1486.856 0.764
1 4 56 1664.49 0.856
0 2 56 1664.49 0.856
1 2 56 1641.32 0.844
2 4 56 1641.32 0.844
1 3 56 1416.118 0.728
4 9 56 1668.652 0.858
1 5 56 1899.505 0.977
1 4 56 2786.172 1.432
0 1 56 2786.172 1.432
0 1 56 2703.389 1.39
0 5 56 1564.367 0.804
0 3 56 1564.367 0.804
0 3 56 1436.71 0.739
0 2 56 1436.71 0.739
0 1 56 1477.068 0.759
0 2 56 1477.068 0.759
0 2 56 1363.654 0.701
0 3 56 1637.358 0.842
3 4 56 1854.731 0.954
0 1 56 1854.731 0.954
1 2 56 2777.701 1.428
0 1 56 2777.701 1.428
1 2 56 3189.204 1.64
0 1 56 5435.282 2.794
1 1 56 5435.282 2.794
1 1 56 5108.009 2.626
0 2 57 1781.092 0.725
1 4 57 1781.092 0.725
0 1 57 1993.878 0.811
0 3 57 2108.084 0.858
1 2 57 2108.084 0.858
1 5 57 1818.838 0.74
0 2 57 2011.858 0.819
1 4 57 2290.193 0.932
1 2 57 2290.193 0.932
1 1 57 3317.804 1.35
1 1 57 3219.224 1.31
1 1 57 3810.438 1.551
1 1 57 1854.823 0.755
0 3 57 1703.464 0.693
0 4 57 1703.464 0.693
1 2 57 1869.828 0.761
1 5 57 1869.828 0.761
3 5 57 1726.257 0.703
1 2 57 1914.877 0.779
1 1 57 2169.092 0.883
1 2 57 2169.092 0.883
1 1 57 3777.754 1.537
2 2 57 7071.27 2.878
1 2 57 7071.27 2.878
1 1 57 6645.491 2.705
0 4 61 2017.992 0.814
0 4 61 2017.992 0.814
0 2 61 2259.081 0.912
0 1 61 1823.388 0.736
0 1 61 2244.403 0.906
0 1 61 2554.91 1.031
0 2 61 3424.947 1.382
0 1 61 3424.947 1.382
0 1 61 4060.119 1.639
1 1 61 2078.906 0.839
0 4 61 2078.906 0.839
0 1 61 1909.26 0.771
0 2 61 1909.26 0.771
0 1 61 1931.849 0.78
2 2 61 1931.849 0.78
0 1 61 1783.516 0.72
2 3 61 2158.816 0.871
0 1 61 2445.416 0.987
1 3 61 2445.416 0.987
1 2 61 3376.469 1.363
1 1 61 3876.677 1.565
0 1 61 6902.027 2.786
1 7 62 1539.341 0.708
2 12 62 1539.341 0.708
2 11 62 1723.246 0.793
4 15 62 1723.246 0.793
3 7 62 1913.811 0.88
1 6 62 1913.811 0.88
4 9 62 1651.221 0.759
6 10 62 1790.035 0.823
6 15 62 2037.681 0.937
7 13 62 2037.681 0.937
1 6 62 3072.487 1.413
0 6 62 3072.487 1.413
4 5 62 2981.196 1.371
6 7 62 3846.246 1.769
4 5 62 3518.355 1.618
3 5 62 3518.355 1.618
1 1 62 4059.372 1.867
1 13 62 1645.935 0.757
1 4 62 1645.935 0.757
4 15 62 1511.621 0.695
1 9 62 1511.621 0.695
4 9 62 1714.089 0.788
3 11 62 1714.089 0.788
1 6 62 1582.476 0.728
6 13 62 1765.951 0.812
6 14 62 2000.395 0.92
8 16 62 2000.395 0.92
0 2 62 3190.47 1.467
3 6 62 3190.47 1.467
5 5 62 3663.122 1.685
2 2 62 6799.5 3.127
1 3 62 6390.746 2.939
1 2 62 6390.746 2.939
1 8 63 1654.271 0.764
0 7 63 1654.271 0.764
0 3 63 1851.906 0.856
0 4 63 1851.906 0.856
0 3 63 1768.936 0.817
1 5 63 1768.936 0.817
0 3 63 1526.224 0.705
2 7 63 1760.854 0.814
2 2 63 2004.463 0.926
2 7 63 2004.463 0.926
2 2 63 2852.758 1.318
0 3 63 2852.758 1.318
2 2 63 2767.996 1.279
2 2 63 3338.808 1.543
0 1 63 3054.176 1.411
0 1 63 3054.176 1.411
0 3 63 1759.386 0.813
0 3 63 1759.386 0.813
0 5 63 1615.814 0.747
0 5 63 1615.814 0.747
0 8 63 1563.577 0.722
0 2 63 1563.577 0.722
2 6 63 1443.521 0.667
1 6 63 1683.706 0.778
1 4 63 1907.231 0.881
5 8 63 1907.231 0.881
4 7 63 2784.217 1.286
3 5 63 3196.685 1.477
0 2 63 5552.519 2.566
2 3 63 5218.728 2.411
2 3 63 5218.728 2.411
1 4 71 1501.175 0.741
3 7 71 1501.175 0.741
0 5 71 1680.52 0.83
4 13 71 1680.52 0.83
3 6 71 1929.093 0.953
0 3 71 1929.093 0.953
3 8 71 1664.406 0.822
0 9 71 1908.988 0.943
1 8 71 2173.091 1.073
3 7 71 2173.091 1.073
6 8 71 3066.581 1.514
3 4 71 3066.581 1.514
0 2 71 2975.465 1.469
2 3 71 3239.078 1.6
1 1 71 2962.948 1.463
2 2 71 3418.56 1.688
1 10 71 1580.667 0.781
3 11 71 1580.667 0.781
0 7 71 1451.68 0.717
2 10 71 1451.68 0.717
2 7 71 1718.148 0.848
0 8 71 1718.148 0.848
2 10 71 1586.224 0.783
1 8 71 1821.3 0.899
3 7 71 2063.092 1.019
3 6 71 2063.092 1.019
1 1 71 2934.812 1.449
2 4 71 2934.812 1.449
1 1 71 3369.59 1.664
0 3 71 4895.417 2.418
1 1 71 4601.128 2.272
1 1 71 4601.128 2.272
1 1 71 4324.082 2.135
1 3 72 2014.743 0.803
0 6 72 2014.743 0.803
0 1 72 2255.444 0.899
0 3 72 2255.444 0.899
1 3 72 2328.849 0.928
0 1 72 2328.849 0.928
1 6 72 2009.313 0.801
3 4 72 2465.057 0.982
2 4 72 2806.09 1.118
3 4 72 2806.09 1.118
0 3 72 3812.103 1.519
0 1 72 3812.103 1.519
1 2 72 3698.836 1.474
0 1 72 3395.111 1.353
0 3 72 2099.444 0.837
1 3 72 2099.444 0.837
1 2 72 1928.123 0.768
1 4 72 1928.123 0.768
0 5 72 2059.748 0.821
1 3 72 2059.748 0.821
2 5 72 1901.594 0.758
0 2 72 2313.722 0.922
0 3 72 2620.886 1.045
3 6 72 2620.886 1.045
1 4 72 3475.746 1.385
0 1 72 3475.746 1.385
2 2 72 3990.661 1.59
1 1 72 5179.111 2.064
1 2 73 1560.055 0.717
1 5 73 1746.434 0.803
1 5 73 1746.434 0.803
1 6 73 2017.82 0.928
1 2 73 2017.82 0.928
2 3 73 1740.959 0.801
1 6 73 2067.532 0.951
1 4 73 2353.569 1.082
2 3 73 3421.635 1.574
1 2 73 3319.97 1.527
0 2 73 3573.58 1.643
1 1 73 3268.933 1.503
1 1 73 3771.597 1.734
0 1 73 1639.217 0.754
0 3 73 1639.217 0.754
0 6 73 1505.451 0.692
1 5 73 1505.451 0.692
0 3 73 1793.032 0.825
3 4 73 1793.032 0.825
4 4 73 1655.357 0.761
1 3 73 1952.731 0.898
4 5 73 2211.971 1.017
1 3 73 2211.971 1.017
0 2 73 3228.47 1.485
1 2 73 3228.47 1.485
1 1 73 3706.752 1.705
0 1 73 4991.093 2.295
0 1 73 4690.567 2.157
0 1 81 2464.446 0.89
0 1 81 2464.446 0.89
0 1 81 2758.873 0.996
0 3 81 2491.654 0.899
1 2 81 2643.756 0.954
2 2 81 3950.442 1.426
1 1 81 4280.698 1.545
0 3 81 2543.329 0.918
0 1 81 2335.785 0.843
1 2 81 2335.785 0.843
0 2 81 2576.445 0.93
0 2 81 2576.445 0.93
0 1 81 2378.618 0.859
0 1 81 2491.864 0.899
0 2 81 2822.679 1.019
1 1 81 3944.48 1.424
1 1 82 3556.341 1.016
0 1 82 3354.399 0.959
0 1 82 3354.399 0.959
0 4 82 2894.149 0.827
1 3 82 3040.906 0.869
1 1 82 4270.262 1.22
1 2 82 3060.911 0.875
0 1 82 2906.884 0.831
0 3 82 2906.884 0.831
0 1 82 2683.684 0.767
0 1 82 2780.905 0.795
0 1 82 4295.196 1.228
0 1 82 4931.508 1.409
0 1 82 9297.843 2.657
0 2 84 2310.773 0.783
0 1 84 2586.841 0.876
0 1 84 2496.503 0.845
0 1 84 2496.503 0.845
0 2 84 2153.963 0.729
1 2 84 2332.439 0.79
0 1 84 2655.125 0.899
0 1 84 3698.479 1.253
0 1 84 4916.788 1.665
0 1 84 4497.634 1.523
0 3 84 2501.76 0.847
0 2 84 2297.609 0.778
1 1 84 2297.609 0.778
0 1 84 2231.585 0.756
0 2 84 2060.236 0.698
0 3 84 2470.776 0.837
0 1 84 2470.776 0.837
1 1 84 7785.087 2.637
0 1 84 7316.327 2.478
0 1 85 2143.338 0.893
0 2 85 2399.402 0.999
1 5 85 2399.402 0.999
0 1 85 2130.808 0.888
0 1 85 1838.445 0.766
0 2 85 2088.584 0.87
1 3 85 2377.533 0.99
1 3 85 2377.533 0.99
0 1 85 3078.029 1.282
1 2 85 2180.858 0.908
0 2 85 2180.858 0.908
0 1 85 2002.893 0.834
0 1 85 1924.08 0.801
0 1 85 1924.08 0.801
0 3 85 1776.343 0.74
0 2 85 2973.891 1.239
0 1 85 6542.071 2.725
0 4 91 1791.872 0.885
0 1 91 1791.872 0.885
0 2 91 2005.947 0.991
0 1 91 1909.661 0.943
1 1 91 1909.661 0.943
1 4 91 1647.641 0.814
0 1 91 1856.407 0.917
1 4 91 2113.236 1.044
0 3 91 2113.236 1.044
1 2 91 3050.879 1.507
1 1 91 3468.35 1.713
0 1 91 1937.041 0.957
0 3 91 1684.725 0.832
3 5 91 1684.725 0.832
1 5 91 1555.366 0.768
0 2 91 1772.024 0.875
0 3 91 2007.274 0.992
0 1 91 3010.153 1.487
1 1 91 5721.361 2.826
1 6 92 1571.524 0.798
0 9 92 1571.524 0.798
0 5 92 1759.274 0.893
0 8 92 1759.274 0.893
1 6 92 1780.08 0.904
1 8 92 1780.08 0.904
0 5 92 1535.839 0.78
2 5 92 1710.17 0.868
1 6 92 1946.767 0.988
1 6 92 1946.767 0.988
1 1 92 2731.31 1.386
2 4 92 2731.31 1.386
0 2 92 2650.156 1.345
0 1 92 3062.459 1.554
1 1 92 2801.386 1.422
1 1 92 2801.386 1.422
1 9 92 1662.343 0.844
1 4 92 1662.343 0.844
1 4 92 1526.69 0.775
2 10 92 1526.69 0.775
0 4 92 1608.839 0.817
2 7 92 1608.839 0.817
2 6 92 1485.307 0.754
1 3 92 1671.758 0.849
0 2 92 1893.697 0.961
1 7 92 1893.697 0.961
1 2 92 2714.693 1.378
0 2 92 2714.693 1.378
0 1 92 3116.862 1.582
0 3 92 5259.696 2.67
1 2 92 4942.996 2.509
2 2 92 4942.996 2.509
0 1 93 1632.291 0.778
0 3 93 1632.291 0.778
0 1 93 1827.301 0.871
0 3 93 1798.143 0.857
0 3 93 1551.424 0.74
1 2 93 1844.54 0.88
1 1 93 2099.727 1.001
0 1 93 2099.727 1.001
0 1 93 3082.68 1.47
1 1 93 2991.086 1.426
0 1 93 3890.314 1.855
0 1 93 1787.441 0.852
1 2 93 1641.581 0.783
1 2 93 1641.581 0.783
1 2 93 1607.165 0.766
0 2 93 1607.165 0.766
0 1 93 1483.762 0.708
0 4 93 1745.177 0.832
0 1 93 1976.863 0.943
0 1 93 1976.863 0.943
0 1 93 3055.954 1.457
0 1 93 5711.516 2.724
1 1 93 5367.611 2.56
